-3.85275436e-2    -3.85425800e-2    -4.1974991e-2       -9.259926e-2        -2.02330048e-1
-6.9584425e-2     -6.96238561e-2    -7.7125399e-2       -1.78748051e-1      -3.478451e-1
-9.6906717e-2     -9.6983962e-2     -1.09816214e-1      -2.6391720e-1       -3.844094e-1
-1.22595555e-1    -1.22721979e-1    -1.41930064e-1      -3.2122908e-1       -3.189461e-1
-1.47461728e-1    -1.47636199e-1    -1.72712391e-1      -3.2025109e-1       -2.456937e-1
-1.71067124e-1    -1.71260757e-1    -1.98470859e-1      -2.6630635e-1       -1.837321e-1
-1.91535923e-1    -1.91677043e-1    -2.12962392e-1      -1.9073056e-1       -1.2341046e-1
-2.05191715e-1    -2.05164738e-1    -2.091491418e-1     -1.15053628e-1      -6.205613e-2
-2.06089397e-1    -2.05770198e-1    -1.82080595e-1      -4.2568947e-2       5.6180e-4
-1.85581148e-1    -1.84928116e-1    -1.31256301e-1      3.024302e-2         6.5248742e-2
-1.322092275e-1   -1.313892353e-1   -6.0245594e-2       1.0545601e-1        1.3357257e-1
-3.2443684e-2     -3.1879308e-2     2.7874448e-2        1.8130685e-1        2.0791461e-1
1.27054983e-1     1.26912095e-1     1.40425325e-1       2.5220384e-1        2.884424e-1
3.55228331e-1     3.54430364e-1     3.1055709e-1        3.1682969e-1        3.625454e-1
6.51176326e-1     6.50529292e-1     5.97466694e-1       4.69580199e-1       4.229321e-1 