9.4572847e-2     9.2970121e-2     9.4807616e-2     1.85132290e-1    2.807057e-1
1.55984965e-1    1.52547843e-1    1.4924300e-1     2.6225126e-1     3.650418e-1
1.82641889e-1    1.78781456e-1    1.74342933e-1    2.9747923e-1     3.678527e-1
1.78849493e-1    1.76415100e-1    1.79243328e-1    3.0096003e-1     3.0710428e-1
1.51784706e-1    1.52055820e-1    1.69132064e-1    2.6831096e-1     2.3126839e-1
1.089092434e-1   1.121477612e-1   1.45730201e-1    2.0657139e-1     1.6056422e-1
5.66144697e-2    6.21048147e-2    1.087758646e-1   1.30571694e-1    9.296931e-2
6.3677058e-6     6.3603620e-3     5.7536559e-2     5.2058082e-2     2.579946e-2
-5.66033951e-2   -5.10417285e-2   -7.748504e-3     -2.4714514e-2    -4.184068e-2
-1.089027070e-1  -1.056157259e-1  -8.4066715e-2    -1.00884164e-1   -1.107983e-1
-1.51784274e-1   -1.51622101e-1   -1.63010143e-1   -1.82109238e-1   -1.816797e-1
-1.78854716e-1   -1.81633561e-1   -2.27827313e-1   -2.80990219e-1   -2.533815e-1
-1.82650133e-1   -1.87021651e-1   -2.53768577e-1   -4.0004235e-1    -3.315667e-1
-1.55992321e-1   -1.59898186e-1   -2.18690812e-1   -4.4901185e-1    -4.677756e-1
-9.4576294e-2    -9.6409942e-2    -1.23318170e-1   -2.70354943e-1   -4.5615254e-1 